120 50 
0.000000 0.083333 0.166667 0.250000 0.333333 0.416667 0.500000 0.583333 0.666667 0.750000 0.833333 0.916667 1.000000 1.083333 1.166667 1.250000 1.333333 1.416667 1.500000 1.583333 1.666667 1.750000 1.833333 1.916667 2.000000 2.083333 2.166667 2.250000 2.333333 2.416667 2.500000 2.583333 2.666667 2.750000 2.833333 2.916667 3.000000 3.083333 3.166667 3.250000 3.333333 3.416667 3.500000 3.583333 3.666667 3.750000 3.833333 3.916667 4.000000 4.083333 4.166667 4.250000 4.333333 4.416667 4.500000 4.583333 4.666667 4.750000 4.833333 4.916667 5.000000 5.083333 5.166667 5.250000 5.333333 5.416667 5.500000 5.583333 5.666667 5.750000 5.833333 5.916667 6.000000 6.083333 6.166667 6.250000 6.333333 6.416667 6.500000 6.583333 6.666667 6.750000 6.833333 6.916667 7.000000 7.083333 7.166667 7.250000 7.333333 7.416667 7.500000 7.583333 7.666667 7.750000 7.833333 7.916667 8.000000 8.083333 8.166667 8.250000 8.333333 8.416667 8.500000 8.583333 8.666667 8.750000 8.833333 8.916667 9.000000 9.083333 9.166667 9.250000 9.333333 9.416667 9.500000 9.583333 9.666667 9.750000 9.833333 9.916667 
0.020000 0.065000 0.150000 0.235000 0.320000 0.405000 0.490000 0.575000 0.660000 0.745000 0.830000 0.915000 1.000000 1.085000 1.170000 1.255000 1.340000 1.425000 1.510000 1.595000 1.680000 1.765000 1.850000 1.935000 2.020000 2.105000 2.190000 2.275000 2.360000 2.445000 2.530000 2.615000 2.700000 2.785000 2.870000 2.955000 3.040000 3.125000 3.210000 3.295000 3.380000 3.465000 3.550000 3.635000 3.720000 3.805000 3.890000 3.975000 4.060000 4.145000 4.230000 4.315000 4.400000 4.485000 4.570000 4.655000 4.740000 4.825000 4.910000 4.995000 5.080000 5.165000 5.250000 5.335000 5.420000 5.505000 5.590000 5.675000 5.760000 5.845000 5.930000 6.015000 6.100000 6.185000 6.270000 6.355000 6.440000 6.525000 6.610000 6.695000 6.780000 6.865000 6.950000 7.035000 7.120000 7.205000 7.290000 7.375000 7.460000 7.545000 7.630000 7.715000 7.800000 7.885000 7.970000 8.055000 8.140000 8.225000 8.310000 8.395000 8.480000 8.565000 8.650000 8.735000 8.820000 8.905000 8.990000 9.075000 9.160000 9.245000 9.330000 9.415000 9.500000 9.585000 9.670000 9.755000 9.840000 9.925000 10.010000 10.095000 
0.040000 0.071467 0.133333 0.220000 0.306667 0.393333 0.480000 0.566667 0.653333 0.740000 0.826667 0.913333 1.000000 1.086667 1.173333 1.260000 1.346667 1.433333 1.520000 1.606667 1.693333 1.780000 1.866667 1.953333 2.040000 2.126667 2.213333 2.300000 2.386667 2.473333 2.560000 2.646667 2.733333 2.820000 2.906667 2.993333 3.080000 3.166667 3.253333 3.340000 3.426667 3.513333 3.600000 3.686667 3.773333 3.860000 3.946667 4.033333 4.120000 4.206667 4.293333 4.380000 4.466667 4.553333 4.640000 4.726667 4.813333 4.900000 4.986667 5.073333 5.160000 5.246667 5.333333 5.420000 5.506667 5.593333 5.680000 5.766667 5.853333 5.940000 6.026667 6.113333 6.200000 6.286667 6.373333 6.460000 6.546667 6.633333 6.720000 6.806667 6.893333 6.980000 7.066667 7.153333 7.240000 7.326667 7.413333 7.500000 7.586667 7.673333 7.760000 7.846667 7.933333 8.020000 8.106667 8.193333 8.280000 8.366667 8.453333 8.540000 8.626667 8.713333 8.800000 8.886667 8.973333 9.060000 9.146667 9.233333 9.320000 9.406667 9.493333 9.580000 9.666667 9.753333 9.840000 9.926667 10.013333 10.100000 10.186667 10.273333 
0.060000 0.077933 0.132043 0.205000 0.293333 0.381667 0.470000 0.558333 0.646667 0.735000 0.823333 0.911667 1.000000 1.088333 1.176667 1.265000 1.353333 1.441667 1.530000 1.618333 1.706667 1.795000 1.883333 1.971667 2.060000 2.148333 2.236667 2.325000 2.413333 2.501667 2.590000 2.678333 2.766667 2.855000 2.943333 3.031667 3.120000 3.208333 3.296667 3.385000 3.473333 3.561667 3.650000 3.738333 3.826667 3.915000 4.003333 4.091667 4.180000 4.268333 4.356667 4.445000 4.533333 4.621667 4.710000 4.798333 4.886667 4.975000 5.063333 5.151667 5.240000 5.328333 5.416667 5.505000 5.593333 5.681667 5.770000 5.858333 5.946667 6.035000 6.123333 6.211667 6.300000 6.388333 6.476667 6.565000 6.653333 6.741667 6.830000 6.918333 7.006667 7.095000 7.183333 7.271667 7.360000 7.448333 7.536667 7.625000 7.713333 7.801667 7.890000 7.978333 8.066667 8.155000 8.243333 8.331667 8.420000 8.508333 8.596667 8.685000 8.773333 8.861667 8.950000 9.038333 9.126667 9.215000 9.303333 9.391667 9.480000 9.568333 9.656667 9.745000 9.833333 9.921667 10.010000 10.098333 10.186667 10.275000 10.363333 10.451667 
0.080000 0.090243 0.130752 0.199533 0.280000 0.370000 0.460000 0.550000 0.640000 0.730000 0.820000 0.910000 1.000000 1.090000 1.180000 1.270000 1.360000 1.450000 1.540000 1.630000 1.720000 1.810000 1.900000 1.990000 2.080000 2.170000 2.260000 2.350000 2.440000 2.530000 2.620000 2.710000 2.800000 2.890000 2.980000 3.070000 3.160000 3.250000 3.340000 3.430000 3.520000 3.610000 3.700000 3.790000 3.880000 3.970000 4.060000 4.150000 4.240000 4.330000 4.420000 4.510000 4.600000 4.690000 4.780000 4.870000 4.960000 5.050000 5.140000 5.230000 5.320000 5.410000 5.500000 5.590000 5.680000 5.770000 5.860000 5.950000 6.040000 6.130000 6.220000 6.310000 6.400000 6.490000 6.580000 6.670000 6.760000 6.850000 6.940000 7.030000 7.120000 7.210000 7.300000 7.390000 7.480000 7.570000 7.660000 7.750000 7.840000 7.930000 8.020000 8.110000 8.200000 8.290000 8.380000 8.470000 8.560000 8.650000 8.740000 8.830000 8.920000 9.010000 9.100000 9.190000 9.280000 9.370000 9.460000 9.550000 9.640000 9.730000 9.820000 9.910000 10.000000 10.090000 10.180000 10.270000 10.360000 10.450000 10.540000 10.630000 
0.100000 0.102552 0.136707 0.194066 0.272577 0.358333 0.450000 0.541667 0.633333 0.725000 0.816667 0.908333 1.000000 1.091667 1.183333 1.275000 1.366667 1.458333 1.550000 1.641667 1.733333 1.825000 1.916667 2.008333 2.100000 2.191667 2.283333 2.375000 2.466667 2.558333 2.650000 2.741667 2.833333 2.925000 3.016667 3.108333 3.200000 3.291667 3.383333 3.475000 3.566667 3.658333 3.750000 3.841667 3.933333 4.025000 4.116667 4.208333 4.300000 4.391667 4.483333 4.575000 4.666667 4.758333 4.850000 4.941667 5.033333 5.125000 5.216667 5.308333 5.400000 5.491667 5.583333 5.675000 5.766667 5.858333 5.950000 6.041667 6.133333 6.225000 6.316667 6.408333 6.500000 6.591667 6.683333 6.775000 6.866667 6.958333 7.050000 7.141667 7.233333 7.325000 7.416667 7.508333 7.600000 7.691667 7.783333 7.875000 7.966667 8.058333 8.150000 8.241667 8.333333 8.425000 8.516667 8.608333 8.700000 8.791667 8.883333 8.975000 9.066667 9.158333 9.250000 9.341667 9.433333 9.525000 9.616667 9.708333 9.800000 9.891667 9.983333 10.075000 10.166667 10.258333 10.350000 10.441667 10.533333 10.625000 10.716667 10.808333 
0.120000 0.117615 0.142661 0.195337 0.265154 0.350331 0.440000 0.533333 0.626667 0.720000 0.813333 0.906667 1.000000 1.093333 1.186667 1.280000 1.373333 1.466667 1.560000 1.653333 1.746667 1.840000 1.933333 2.026667 2.120000 2.213333 2.306667 2.400000 2.493333 2.586667 2.680000 2.773333 2.866667 2.960000 3.053333 3.146667 3.240000 3.333333 3.426667 3.520000 3.613333 3.706667 3.800000 3.893333 3.986667 4.080000 4.173333 4.266667 4.360000 4.453333 4.546667 4.640000 4.733333 4.826667 4.920000 5.013333 5.106667 5.200000 5.293333 5.386667 5.480000 5.573333 5.666667 5.760000 5.853333 5.946667 6.040000 6.133333 6.226667 6.320000 6.413333 6.506667 6.600000 6.693333 6.786667 6.880000 6.973333 7.066667 7.160000 7.253333 7.346667 7.440000 7.533333 7.626667 7.720000 7.813333 7.906667 8.000000 8.093333 8.186667 8.280000 8.373333 8.466667 8.560000 8.653333 8.746667 8.840000 8.933333 9.026667 9.120000 9.213333 9.306667 9.400000 9.493333 9.586667 9.680000 9.773333 9.866667 9.960000 10.053333 10.146667 10.240000 10.333333 10.426667 10.520000 10.613333 10.706667 10.800000 10.893333 10.986667 
0.140000 0.132678 0.152883 0.196608 0.263302 0.342329 0.432272 0.525000 0.620000 0.715000 0.810000 0.905000 1.000000 1.095000 1.190000 1.285000 1.380000 1.475000 1.570000 1.665000 1.760000 1.855000 1.950000 2.045000 2.140000 2.235000 2.330000 2.425000 2.520000 2.615000 2.710000 2.805000 2.900000 2.995000 3.090000 3.185000 3.280000 3.375000 3.470000 3.565000 3.660000 3.755000 3.850000 3.945000 4.040000 4.135000 4.230000 4.325000 4.420000 4.515000 4.610000 4.705000 4.800000 4.895000 4.990000 5.085000 5.180000 5.275000 5.370000 5.465000 5.560000 5.655000 5.750000 5.845000 5.940000 6.035000 6.130000 6.225000 6.320000 6.415000 6.510000 6.605000 6.700000 6.795000 6.890000 6.985000 7.080000 7.175000 7.270000 7.365000 7.460000 7.555000 7.650000 7.745000 7.840000 7.935000 8.030000 8.125000 8.220000 8.315000 8.410000 8.505000 8.600000 8.695000 8.790000 8.885000 8.980000 9.075000 9.170000 9.265000 9.360000 9.455000 9.550000 9.645000 9.740000 9.835000 9.930000 10.025000 10.120000 10.215000 10.310000 10.405000 10.500000 10.595000 10.690000 10.785000 10.880000 10.975000 11.070000 11.165000 
0.160000 0.149362 0.163105 0.202642 0.261449 0.338644 0.424544 0.518075 0.613333 0.710000 0.806667 0.903333 1.000000 1.096667 1.193333 1.290000 1.386667 1.483333 1.580000 1.676667 1.773333 1.870000 1.966667 2.063333 2.160000 2.256667 2.353333 2.450000 2.546667 2.643333 2.740000 2.836667 2.933333 3.030000 3.126667 3.223333 3.320000 3.416667 3.513333 3.610000 3.706667 3.803333 3.900000 3.996667 4.093333 4.190000 4.286667 4.383333 4.480000 4.576667 4.673333 4.770000 4.866667 4.963333 5.060000 5.156667 5.253333 5.350000 5.446667 5.543333 5.640000 5.736667 5.833333 5.930000 6.026667 6.123333 6.220000 6.316667 6.413333 6.510000 6.606667 6.703333 6.800000 6.896667 6.993333 7.090000 7.186667 7.283333 7.380000 7.476667 7.573333 7.670000 7.766667 7.863333 7.960000 8.056667 8.153333 8.250000 8.346667 8.443333 8.540000 8.636667 8.733333 8.830000 8.926667 9.023333 9.120000 9.216667 9.313333 9.410000 9.506667 9.603333 9.700000 9.796667 9.893333 9.990000 10.086667 10.183333 10.280000 10.376667 10.473333 10.570000 10.666667 10.763333 10.860000 10.956667 11.053333 11.150000 11.246667 11.343333 
0.180000 0.166047 0.176142 0.208676 0.264189 0.334958 0.420028 0.511151 0.607540 0.705000 0.803333 0.901667 1.000000 1.098333 1.196667 1.295000 1.393333 1.491667 1.590000 1.688333 1.786667 1.885000 1.983333 2.081667 2.180000 2.278333 2.376667 2.475000 2.573333 2.671667 2.770000 2.868333 2.966667 3.065000 3.163333 3.261667 3.360000 3.458333 3.556667 3.655000 3.753333 3.851667 3.950000 4.048333 4.146667 4.245000 4.343333 4.441667 4.540000 4.638333 4.736667 4.835000 4.933333 5.031667 5.130000 5.228333 5.326667 5.425000 5.523333 5.621667 5.720000 5.818333 5.916667 6.015000 6.113333 6.211667 6.310000 6.408333 6.506667 6.605000 6.703333 6.801667 6.900000 6.998333 7.096667 7.195000 7.293333 7.391667 7.490000 7.588333 7.686667 7.785000 7.883333 7.981667 8.080000 8.178333 8.276667 8.375000 8.473333 8.571667 8.670000 8.768333 8.866667 8.965000 9.063333 9.161667 9.260000 9.358333 9.456667 9.555000 9.653333 9.751667 9.850000 9.948333 10.046667 10.145000 10.243333 10.341667 10.440000 10.538333 10.636667 10.735000 10.833333 10.931667 11.030000 11.128333 11.226667 11.325000 11.423333 11.521667 
0.200000 0.183801 0.189179 0.218200 0.266930 0.335341 0.415511 0.506549 0.601747 0.700541 0.800000 0.900000 1.000000 1.100000 1.200000 1.300000 1.400000 1.500000 1.600000 1.700000 1.800000 1.900000 2.000000 2.100000 2.200000 2.300000 2.400000 2.500000 2.600000 2.700000 2.800000 2.900000 3.000000 3.100000 3.200000 3.300000 3.400000 3.500000 3.600000 3.700000 3.800000 3.900000 4.000000 4.100000 4.200000 4.300000 4.400000 4.500000 4.600000 4.700000 4.800000 4.900000 5.000000 5.100000 5.200000 5.300000 5.400000 5.500000 5.600000 5.700000 5.800000 5.900000 6.000000 6.100000 6.200000 6.300000 6.400000 6.500000 6.600000 6.700000 6.800000 6.900000 7.000000 7.100000 7.200000 7.300000 7.400000 7.500000 7.600000 7.700000 7.800000 7.900000 8.000000 8.100000 8.200000 8.300000 8.400000 8.500000 8.600000 8.700000 8.800000 8.900000 9.000000 9.100000 9.200000 9.300000 9.400000 9.500000 9.600000 9.700000 9.800000 9.900000 10.000000 10.100000 10.200000 10.300000 10.400000 10.500000 10.600000 10.700000 10.800000 10.900000 11.000000 11.100000 11.200000 11.300000 11.400000 11.500000 11.600000 11.700000 
0.220000 0.201555 0.204206 0.227724 0.273380 0.335724 0.414400 0.501948 0.597600 0.696083 0.797002 0.898333 1.000000 1.101667 1.203333 1.305000 1.406667 1.508333 1.610000 1.711667 1.813333 1.915000 2.016667 2.118333 2.220000 2.321667 2.423333 2.525000 2.626667 2.728333 2.830000 2.931667 3.033333 3.135000 3.236667 3.338333 3.440000 3.541667 3.643333 3.745000 3.846667 3.948333 4.050000 4.151667 4.253333 4.355000 4.456667 4.558333 4.660000 4.761667 4.863333 4.965000 5.066667 5.168333 5.270000 5.371667 5.473333 5.575000 5.676667 5.778333 5.880000 5.981667 6.083333 6.185000 6.286667 6.388333 6.490000 6.591667 6.693333 6.795000 6.896667 6.998333 7.100000 7.201667 7.303333 7.405000 7.506667 7.608333 7.710000 7.811667 7.913333 8.015000 8.116667 8.218333 8.320000 8.421667 8.523333 8.625000 8.726667 8.828333 8.930000 9.031667 9.133333 9.235000 9.336667 9.438333 9.540000 9.641667 9.743333 9.845000 9.946667 10.048333 10.150000 10.251667 10.353333 10.455000 10.556667 10.658333 10.760000 10.861667 10.963333 11.065000 11.166667 11.268333 11.370000 11.471667 11.573333 11.675000 11.776667 11.878333 
0.240000 0.220065 0.219232 0.239892 0.279831 0.339701 0.413289 0.500083 0.593452 0.692773 0.794005 0.896875 1.000000 1.103333 1.206667 1.310000 1.413333 1.516667 1.620000 1.723333 1.826667 1.930000 2.033333 2.136667 2.240000 2.343333 2.446667 2.550000 2.653333 2.756667 2.860000 2.963333 3.066667 3.170000 3.273333 3.376667 3.480000 3.583333 3.686667 3.790000 3.893333 3.996667 4.100000 4.203333 4.306667 4.410000 4.513333 4.616667 4.720000 4.823333 4.926667 5.030000 5.133333 5.236667 5.340000 5.443333 5.546667 5.650000 5.753333 5.856667 5.960000 6.063333 6.166667 6.270000 6.373333 6.476667 6.580000 6.683333 6.786667 6.890000 6.993333 7.096667 7.200000 7.303333 7.406667 7.510000 7.613333 7.716667 7.820000 7.923333 8.026667 8.130000 8.233333 8.336667 8.440000 8.543333 8.646667 8.750000 8.853333 8.956667 9.060000 9.163333 9.266667 9.370000 9.473333 9.576667 9.680000 9.783333 9.886667 9.990000 10.093333 10.196667 10.300000 10.403333 10.506667 10.610000 10.713333 10.816667 10.920000 11.023333 11.126667 11.230000 11.333333 11.436667 11.540000 11.643333 11.746667 11.850000 11.953333 12.056667 
0.260000 0.238575 0.235732 0.252060 0.289286 0.343678 0.415446 0.498218 0.591438 0.689462 0.791798 0.895416 1.000129 1.105000 1.210000 1.315000 1.420000 1.525000 1.630000 1.735000 1.840000 1.945000 2.050000 2.155000 2.260000 2.365000 2.470000 2.575000 2.680000 2.785000 2.890000 2.995000 3.100000 3.205000 3.310000 3.415000 3.520000 3.625000 3.730000 3.835000 3.940000 4.045000 4.150000 4.255000 4.360000 4.465000 4.570000 4.675000 4.780000 4.885000 4.990000 5.095000 5.200000 5.305000 5.410000 5.515000 5.620000 5.725000 5.830000 5.935000 6.040000 6.145000 6.250000 6.355000 6.460000 6.565000 6.670000 6.775000 6.880000 6.985000 7.090000 7.195000 7.300000 7.405000 7.510000 7.615000 7.720000 7.825000 7.930000 8.035000 8.140000 8.245000 8.350000 8.455000 8.560000 8.665000 8.770000 8.875000 8.980000 9.085000 9.190000 9.295000 9.400000 9.505000 9.610000 9.715000 9.820000 9.925000 10.030000 10.135000 10.240000 10.345000 10.450000 10.555000 10.660000 10.765000 10.870000 10.975000 11.080000 11.185000 11.290000 11.395000 11.500000 11.605000 11.710000 11.815000 11.920000 12.025000 12.130000 12.235000 
0.280000 0.257645 0.252233 0.266283 0.298742 0.350760 0.417603 0.499190 0.589424 0.687775 0.789591 0.894497 1.000258 1.106747 1.213333 1.320000 1.426667 1.533333 1.640000 1.746667 1.853333 1.960000 2.066667 2.173333 2.280000 2.386667 2.493333 2.600000 2.706667 2.813333 2.920000 3.026667 3.133333 3.240000 3.346667 3.453333 3.560000 3.666667 3.773333 3.880000 3.986667 4.093333 4.200000 4.306667 4.413333 4.520000 4.626667 4.733333 4.840000 4.946667 5.053333 5.160000 5.266667 5.373333 5.480000 5.586667 5.693333 5.800000 5.906667 6.013333 6.120000 6.226667 6.333333 6.440000 6.546667 6.653333 6.760000 6.866667 6.973333 7.080000 7.186667 7.293333 7.400000 7.506667 7.613333 7.720000 7.826667 7.933333 8.040000 8.146667 8.253333 8.360000 8.466667 8.573333 8.680000 8.786667 8.893333 9.000000 9.106667 9.213333 9.320000 9.426667 9.533333 9.640000 9.746667 9.853333 9.960000 10.066667 10.173333 10.280000 10.386667 10.493333 10.600000 10.706667 10.813333 10.920000 11.026667 11.133333 11.240000 11.346667 11.453333 11.560000 11.666667 11.773333 11.880000 11.986667 12.093333 12.200000 12.306667 12.413333 
0.300000 0.276715 0.269861 0.280506 0.310651 0.357842 0.422764 0.500162 0.589785 0.686088 0.788596 0.893578 1.000752 1.108493 1.216716 1.325000 1.433333 1.541667 1.650000 1.758333 1.866667 1.975000 2.083333 2.191667 2.300000 2.408333 2.516667 2.625000 2.733333 2.841667 2.950000 3.058333 3.166667 3.275000 3.383333 3.491667 3.600000 3.708333 3.816667 3.925000 4.033333 4.141667 4.250000 4.358333 4.466667 4.575000 4.683333 4.791667 4.900000 5.008333 5.116667 5.225000 5.333333 5.441667 5.550000 5.658333 5.766667 5.875000 5.983333 6.091667 6.200000 6.308333 6.416667 6.525000 6.633333 6.741667 6.850000 6.958333 7.066667 7.175000 7.283333 7.391667 7.500000 7.608333 7.716667 7.825000 7.933333 8.041667 8.150000 8.258333 8.366667 8.475000 8.583333 8.691667 8.800000 8.908333 9.016667 9.125000 9.233333 9.341667 9.450000 9.558333 9.666667 9.775000 9.883333 9.991667 10.100000 10.208333 10.316667 10.425000 10.533333 10.641667 10.750000 10.858333 10.966667 11.075000 11.183333 11.291667 11.400000 11.508333 11.616667 11.725000 11.833333 11.941667 12.050000 12.158333 12.266667 12.375000 12.483333 12.591667 
0.320000 0.296214 0.287489 0.296361 0.322560 0.367587 0.427924 0.503899 0.590147 0.686334 0.787601 0.893549 1.001246 1.110485 1.220099 1.330031 1.440000 1.550000 1.660000 1.770000 1.880000 1.990000 2.100000 2.210000 2.320000 2.430000 2.540000 2.650000 2.760000 2.870000 2.980000 3.090000 3.200000 3.310000 3.420000 3.530000 3.640000 3.750000 3.860000 3.970000 4.080000 4.190000 4.300000 4.410000 4.520000 4.630000 4.740000 4.850000 4.960000 5.070000 5.180000 5.290000 5.400000 5.510000 5.620000 5.730000 5.840000 5.950000 6.060000 6.170000 6.280000 6.390000 6.500000 6.610000 6.720000 6.830000 6.940000 7.050000 7.160000 7.270000 7.380000 7.490000 7.600000 7.710000 7.820000 7.930000 8.040000 8.150000 8.260000 8.370000 8.480000 8.590000 8.700000 8.810000 8.920000 9.030000 9.140000 9.250000 9.360000 9.470000 9.580000 9.690000 9.800000 9.910000 10.020000 10.130000 10.240000 10.350000 10.460000 10.570000 10.680000 10.790000 10.900000 11.010000 11.120000 11.230000 11.340000 11.450000 11.560000 11.670000 11.780000 11.890000 12.000000 12.110000 12.220000 12.330000 12.440000 12.550000 12.660000 12.770000 
0.340000 0.315712 0.306003 0.312216 0.336494 0.377332 0.435785 0.507635 0.592957 0.686579 0.788142 0.893519 1.002385 1.112477 1.223646 1.335062 1.446686 1.558333 1.670000 1.781667 1.893333 2.005000 2.116667 2.228333 2.340000 2.451667 2.563333 2.675000 2.786667 2.898333 3.010000 3.121667 3.233333 3.345000 3.456667 3.568333 3.680000 3.791667 3.903333 4.015000 4.126667 4.238333 4.350000 4.461667 4.573333 4.685000 4.796667 4.908333 5.020000 5.131667 5.243333 5.355000 5.466667 5.578333 5.690000 5.801667 5.913333 6.025000 6.136667 6.248333 6.360000 6.471667 6.583333 6.695000 6.806667 6.918333 7.030000 7.141667 7.253333 7.365000 7.476667 7.588333 7.700000 7.811667 7.923333 8.035000 8.146667 8.258333 8.370000 8.481667 8.593333 8.705000 8.816667 8.928333 9.040000 9.151667 9.263333 9.375000 9.486667 9.598333 9.710000 9.821667 9.933333 10.045000 10.156667 10.268333 10.380000 10.491667 10.603333 10.715000 10.826667 10.938333 11.050000 11.161667 11.273333 11.385000 11.496667 11.608333 11.720000 11.831667 11.943333 12.055000 12.166667 12.278333 12.390000 12.501667 12.613333 12.725000 12.836667 12.948333 
0.360000 0.335548 0.324517 0.329389 0.350427 0.389358 0.443647 0.513977 0.595767 0.688927 0.788683 0.894687 1.003523 1.114930 1.227192 1.340201 1.453371 1.566678 1.680000 1.793333 1.906667 2.020000 2.133333 2.246667 2.360000 2.473333 2.586667 2.700000 2.813333 2.926667 3.040000 3.153333 3.266667 3.380000 3.493333 3.606667 3.720000 3.833333 3.946667 4.060000 4.173333 4.286667 4.400000 4.513333 4.626667 4.740000 4.853333 4.966667 5.080000 5.193333 5.306667 5.420000 5.533333 5.646667 5.760000 5.873333 5.986667 6.100000 6.213333 6.326667 6.440000 6.553333 6.666667 6.780000 6.893333 7.006667 7.120000 7.233333 7.346667 7.460000 7.573333 7.686667 7.800000 7.913333 8.026667 8.140000 8.253333 8.366667 8.480000 8.593333 8.706667 8.820000 8.933333 9.046667 9.160000 9.273333 9.386667 9.500000 9.613333 9.726667 9.840000 9.953333 10.066667 10.180000 10.293333 10.406667 10.520000 10.633333 10.746667 10.860000 10.973333 11.086667 11.200000 11.313333 11.426667 11.540000 11.653333 11.766667 11.880000 11.993333 12.106667 12.220000 12.333333 12.446667 12.560000 12.673333 12.786667 12.900000 13.013333 13.126667 
0.380000 0.355383 0.343741 0.346563 0.366044 0.401384 0.453913 0.520319 0.600992 0.691275 0.790983 0.895856 1.005580 1.117384 1.231067 1.345340 1.460129 1.575024 1.690007 1.805000 1.920000 2.035000 2.150000 2.265000 2.380000 2.495000 2.610000 2.725000 2.840000 2.955000 3.070000 3.185000 3.300000 3.415000 3.530000 3.645000 3.760000 3.875000 3.990000 4.105000 4.220000 4.335000 4.450000 4.565000 4.680000 4.795000 4.910000 5.025000 5.140000 5.255000 5.370000 5.485000 5.600000 5.715000 5.830000 5.945000 6.060000 6.175000 6.290000 6.405000 6.520000 6.635000 6.750000 6.865000 6.980000 7.095000 7.210000 7.325000 7.440000 7.555000 7.670000 7.785000 7.900000 8.015000 8.130000 8.245000 8.360000 8.475000 8.590000 8.705000 8.820000 8.935000 9.050000 9.165000 9.280000 9.395000 9.510000 9.625000 9.740000 9.855000 9.970000 10.085000 10.200000 10.315000 10.430000 10.545000 10.660000 10.775000 10.890000 11.005000 11.120000 11.235000 11.350000 11.465000 11.580000 11.695000 11.810000 11.925000 12.040000 12.155000 12.270000 12.385000 12.500000 12.615000 12.730000 12.845000 12.960000 13.075000 13.190000 13.305000 
0.400000 0.375488 0.362965 0.364816 0.381661 0.415368 0.464179 0.529070 0.606216 0.695788 0.793283 0.898463 1.007636 1.120531 1.234941 1.350710 1.466887 1.583416 1.700015 1.816671 1.933333 2.050000 2.166667 2.283333 2.400000 2.516667 2.633333 2.750000 2.866667 2.983333 3.100000 3.216667 3.333333 3.450000 3.566667 3.683333 3.800000 3.916667 4.033333 4.150000 4.266667 4.383333 4.500000 4.616667 4.733333 4.850000 4.966667 5.083333 5.200000 5.316667 5.433333 5.550000 5.666667 5.783333 5.900000 6.016667 6.133333 6.250000 6.366667 6.483333 6.600000 6.716667 6.833333 6.950000 7.066667 7.183333 7.300000 7.416667 7.533333 7.650000 7.766667 7.883333 8.000000 8.116667 8.233333 8.350000 8.466667 8.583333 8.700000 8.816667 8.933333 9.050000 9.166667 9.283333 9.400000 9.516667 9.633333 9.750000 9.866667 9.983333 10.100000 10.216667 10.333333 10.450000 10.566667 10.683333 10.800000 10.916667 11.033333 11.150000 11.266667 11.383333 11.500000 11.616667 11.733333 11.850000 11.966667 12.083333 12.200000 12.316667 12.433333 12.550000 12.666667 12.783333 12.900000 13.016667 13.133333 13.250000 13.366667 13.483333 
0.420000 0.395593 0.382766 0.383070 0.398692 0.429352 0.476574 0.537820 0.613756 0.700301 0.797471 0.901070 1.010849 1.123679 1.239333 1.356080 1.473805 1.591809 1.710053 1.828342 1.946669 2.065000 2.183333 2.301667 2.420000 2.538333 2.656667 2.775000 2.893333 3.011667 3.130000 3.248333 3.366667 3.485000 3.603333 3.721667 3.840000 3.958333 4.076667 4.195000 4.313333 4.431667 4.550000 4.668333 4.786667 4.905000 5.023333 5.141667 5.260000 5.378333 5.496667 5.615000 5.733333 5.851667 5.970000 6.088333 6.206667 6.325000 6.443333 6.561667 6.680000 6.798333 6.916667 7.035000 7.153333 7.271667 7.390000 7.508333 7.626667 7.745000 7.863333 7.981667 8.100000 8.218333 8.336667 8.455000 8.573333 8.691667 8.810000 8.928333 9.046667 9.165000 9.283333 9.401667 9.520000 9.638333 9.756667 9.875000 9.993333 10.111667 10.230000 10.348333 10.466667 10.585000 10.703333 10.821667 10.940000 11.058333 11.176667 11.295000 11.413333 11.531667 11.650000 11.768333 11.886667 12.005000 12.123333 12.241667 12.360000 12.478333 12.596667 12.715000 12.833333 12.951667 13.070000 13.188333 13.306667 13.425000 13.543333 13.661667 
0.440000 0.415918 0.402568 0.402218 0.415723 0.445021 0.488970 0.548770 0.621296 0.706968 0.801660 0.905288 1.014062 1.127740 1.243725 1.361832 1.480724 1.600313 1.720091 1.840034 1.960006 2.080002 2.200000 2.320000 2.440000 2.560000 2.680000 2.800000 2.920000 3.040000 3.160000 3.280000 3.400000 3.520000 3.640000 3.760000 3.880000 4.000000 4.120000 4.240000 4.360000 4.480000 4.600000 4.720000 4.840000 4.960000 5.080000 5.200000 5.320000 5.440000 5.560000 5.680000 5.800000 5.920000 6.040000 6.160000 6.280000 6.400000 6.520000 6.640000 6.760000 6.880000 7.000000 7.120000 7.240000 7.360000 7.480000 7.600000 7.720000 7.840000 7.960000 8.080000 8.200000 8.320000 8.440000 8.560000 8.680000 8.800000 8.920000 9.040000 9.160000 9.280000 9.400000 9.520000 9.640000 9.760000 9.880000 10.000000 10.120000 10.240000 10.360000 10.480000 10.600000 10.720000 10.840000 10.960000 11.080000 11.200000 11.320000 11.440000 11.560000 11.680000 11.800000 11.920000 12.040000 12.160000 12.280000 12.400000 12.520000 12.640000 12.760000 12.880000 13.000000 13.120000 13.240000 13.360000 13.480000 13.600000 13.720000 13.840000 
0.460000 0.436242 0.422845 0.421367 0.433950 0.460690 0.503246 0.559720 0.631019 0.713635 0.807796 0.909506 1.018620 1.131800 1.248828 1.367584 1.487922 1.608817 1.730207 1.851726 1.973355 2.095003 2.216668 2.338333 2.460000 2.581667 2.703333 2.825000 2.946667 3.068333 3.190000 3.311667 3.433333 3.555000 3.676667 3.798333 3.920000 4.041667 4.163333 4.285000 4.406667 4.528333 4.650000 4.771667 4.893333 5.015000 5.136667 5.258333 5.380000 5.501667 5.623333 5.745000 5.866667 5.988333 6.110000 6.231667 6.353333 6.475000 6.596667 6.718333 6.840000 6.961667 7.083333 7.205000 7.326667 7.448333 7.570000 7.691667 7.813333 7.935000 8.056667 8.178333 8.300000 8.421667 8.543333 8.665000 8.786667 8.908333 9.030000 9.151667 9.273333 9.395000 9.516667 9.638333 9.760000 9.881667 10.003333 10.125000 10.246667 10.368333 10.490000 10.611667 10.733333 10.855000 10.976667 11.098333 11.220000 11.341667 11.463333 11.585000 11.706667 11.828333 11.950000 12.071667 12.193333 12.315000 12.436667 12.558333 12.680000 12.801667 12.923333 13.045000 13.166667 13.288333 13.410000 13.531667 13.653333 13.775000 13.896667 14.018333 
0.480000 0.456748 0.443123 0.441265 0.452176 0.477816 0.517522 0.572666 0.640741 0.722394 0.813932 0.915443 1.023178 1.136966 1.253932 1.373884 1.495119 1.617523 1.740322 1.863470 1.986704 2.110014 2.233335 2.356667 2.480000 2.603333 2.726667 2.850000 2.973333 3.096667 3.220000 3.343333 3.466667 3.590000 3.713333 3.836667 3.960000 4.083333 4.206667 4.330000 4.453333 4.576667 4.700000 4.823333 4.946667 5.070000 5.193333 5.316667 5.440000 5.563333 5.686667 5.810000 5.933333 6.056667 6.180000 6.303333 6.426667 6.550000 6.673333 6.796667 6.920000 7.043333 7.166667 7.290000 7.413333 7.536667 7.660000 7.783333 7.906667 8.030000 8.153333 8.276667 8.400000 8.523333 8.646667 8.770000 8.893333 9.016667 9.140000 9.263333 9.386667 9.510000 9.633333 9.756667 9.880000 10.003333 10.126667 10.250000 10.373333 10.496667 10.620000 10.743333 10.866667 10.990000 11.113333 11.236667 11.360000 11.483333 11.606667 11.730000 11.853333 11.976667 12.100000 12.223333 12.346667 12.470000 12.593333 12.716667 12.840000 12.963333 13.086667 13.210000 13.333333 13.456667 13.580000 13.703333 13.826667 13.950000 14.073333 14.196667 
0.500000 0.477253 0.463798 0.461163 0.471421 0.494941 0.533459 0.585612 0.652496 0.731154 0.822019 0.921379 1.029221 1.142131 1.259928 1.380183 1.502733 1.626230 1.750583 1.875214 2.000090 2.125024 2.250009 2.375001 2.500000 2.625000 2.750000 2.875000 3.000000 3.125000 3.250000 3.375000 3.500000 3.625000 3.750000 3.875000 4.000000 4.125000 4.250000 4.375000 4.500000 4.625000 4.750000 4.875000 5.000000 5.125000 5.250000 5.375000 5.500000 5.625000 5.750000 5.875000 6.000000 6.125000 6.250000 6.375000 6.500000 6.625000 6.750000 6.875000 7.000000 7.125000 7.250000 7.375000 7.500000 7.625000 7.750000 7.875000 8.000000 8.125000 8.250000 8.375000 8.500000 8.625000 8.750000 8.875000 9.000000 9.125000 9.250000 9.375000 9.500000 9.625000 9.750000 9.875000 10.000000 10.125000 10.250000 10.375000 10.500000 10.625000 10.750000 10.875000 11.000000 11.125000 11.250000 11.375000 11.500000 11.625000 11.750000 11.875000 12.000000 12.125000 12.250000 12.375000 12.500000 12.625000 12.750000 12.875000 13.000000 13.125000 13.250000 13.375000 13.500000 13.625000 13.750000 13.875000 14.000000 14.125000 14.250000 14.375000 
0.520000 0.497910 0.484472 0.481695 0.490665 0.513329 0.549396 0.600360 0.664251 0.741915 0.830106 0.929089 1.035265 1.148556 1.265924 1.387194 1.510347 1.635250 1.760844 1.887062 2.013475 2.140059 2.266682 2.393339 2.520001 2.646667 2.773333 2.900000 3.026667 3.153333 3.280000 3.406667 3.533333 3.660000 3.786667 3.913333 4.040000 4.166667 4.293333 4.420000 4.546667 4.673333 4.800000 4.926667 5.053333 5.180000 5.306667 5.433333 5.560000 5.686667 5.813333 5.940000 6.066667 6.193333 6.320000 6.446667 6.573333 6.700000 6.826667 6.953333 7.080000 7.206667 7.333333 7.460000 7.586667 7.713333 7.840000 7.966667 8.093333 8.220000 8.346667 8.473333 8.600000 8.726667 8.853333 8.980000 9.106667 9.233333 9.360000 9.486667 9.613333 9.740000 9.866667 9.993333 10.120000 10.246667 10.373333 10.500000 10.626667 10.753333 10.880000 11.006667 11.133333 11.260000 11.386667 11.513333 11.640000 11.766667 11.893333 12.020000 12.146667 12.273333 12.400000 12.526667 12.653333 12.780000 12.906667 13.033333 13.160000 13.286667 13.413333 13.540000 13.666667 13.793333 13.920000 14.046667 14.173333 14.300000 14.426667 14.553333 
0.540000 0.518566 0.505481 0.502226 0.510782 0.531716 0.566800 0.615107 0.677884 0.752676 0.840108 0.936800 1.042887 1.154982 1.272972 1.394205 1.518522 1.644269 1.771338 1.898910 2.026934 2.155094 2.283372 2.411677 2.540004 2.668334 2.796667 2.925000 3.053333 3.181667 3.310000 3.438333 3.566667 3.695000 3.823333 3.951667 4.080000 4.208333 4.336667 4.465000 4.593333 4.721667 4.850000 4.978333 5.106667 5.235000 5.363333 5.491667 5.620000 5.748333 5.876667 6.005000 6.133333 6.261667 6.390000 6.518333 6.646667 6.775000 6.903333 7.031667 7.160000 7.288333 7.416667 7.545000 7.673333 7.801667 7.930000 8.058333 8.186667 8.315000 8.443333 8.571667 8.700000 8.828333 8.956667 9.085000 9.213333 9.341667 9.470000 9.598333 9.726667 9.855000 9.983333 10.111667 10.240000 10.368333 10.496667 10.625000 10.753333 10.881667 11.010000 11.138333 11.266667 11.395000 11.523333 11.651667 11.780000 11.908333 12.036667 12.165000 12.293333 12.421667 12.550000 12.678333 12.806667 12.935000 13.063333 13.191667 13.320000 13.448333 13.576667 13.705000 13.833333 13.961667 14.090000 14.218333 14.346667 14.475000 14.603333 14.731667 
0.560000 0.539350 0.526490 0.523296 0.530899 0.551202 0.584205 0.631479 0.691517 0.765329 0.850110 0.946297 1.050509 1.162786 1.280020 1.402081 1.526696 1.653725 1.781833 1.910932 2.040393 2.170181 2.300062 2.430025 2.560006 2.690002 2.820000 2.950000 3.080000 3.210000 3.340000 3.470000 3.600000 3.730000 3.860000 3.990000 4.120000 4.250000 4.380000 4.510000 4.640000 4.770000 4.900000 5.030000 5.160000 5.290000 5.420000 5.550000 5.680000 5.810000 5.940000 6.070000 6.200000 6.330000 6.460000 6.590000 6.720000 6.850000 6.980000 7.110000 7.240000 7.370000 7.500000 7.630000 7.760000 7.890000 8.020000 8.150000 8.280000 8.410000 8.540000 8.670000 8.800000 8.930000 9.060000 9.190000 9.320000 9.450000 9.580000 9.710000 9.840000 9.970000 10.100000 10.230000 10.360000 10.490000 10.620000 10.750000 10.880000 11.010000 11.140000 11.270000 11.400000 11.530000 11.660000 11.790000 11.920000 12.050000 12.180000 12.310000 12.440000 12.570000 12.700000 12.830000 12.960000 13.090000 13.220000 13.350000 13.480000 13.610000 13.740000 13.870000 14.000000 14.130000 14.260000 14.390000 14.520000 14.650000 14.780000 14.910000 
0.580000 0.560133 0.547782 0.544365 0.551767 0.570689 0.602907 0.647850 0.706875 0.777982 0.861964 0.955795 1.059763 1.170590 1.288251 1.409957 1.535572 1.663181 1.792664 1.922953 2.053980 2.185268 2.316788 2.448374 2.580017 2.711671 2.843335 2.975000 3.106667 3.238333 3.370000 3.501667 3.633333 3.765000 3.896667 4.028333 4.160000 4.291667 4.423333 4.555000 4.686667 4.818333 4.950000 5.081667 5.213333 5.345000 5.476667 5.608333 5.740000 5.871667 6.003333 6.135000 6.266667 6.398333 6.530000 6.661667 6.793333 6.925000 7.056667 7.188333 7.320000 7.451667 7.583333 7.715000 7.846667 7.978333 8.110000 8.241667 8.373333 8.505000 8.636667 8.768333 8.900000 9.031667 9.163333 9.295000 9.426667 9.558333 9.690000 9.821667 9.953333 10.085000 10.216667 10.348333 10.480000 10.611667 10.743333 10.875000 11.006667 11.138333 11.270000 11.401667 11.533333 11.665000 11.796667 11.928333 12.060000 12.191667 12.323333 12.455000 12.586667 12.718333 12.850000 12.981667 13.113333 13.245000 13.376667 13.508333 13.640000 13.771667 13.903333 14.035000 14.166667 14.298333 14.430000 14.561667 14.693333 14.825000 14.956667 15.088333 
0.600000 0.581024 0.569075 0.565897 0.572635 0.591134 0.621610 0.665682 0.722234 0.792409 0.873818 0.967061 1.069017 1.179855 1.296483 1.418833 1.544449 1.673200 1.803494 1.935230 2.067566 2.200447 2.333515 2.466748 2.600027 2.733344 2.866669 3.000001 3.133333 3.266667 3.400000 3.533333 3.666667 3.800000 3.933333 4.066667 4.200000 4.333333 4.466667 4.600000 4.733333 4.866667 5.000000 5.133333 5.266667 5.400000 5.533333 5.666667 5.800000 5.933333 6.066667 6.200000 6.333333 6.466667 6.600000 6.733333 6.866667 7.000000 7.133333 7.266667 7.400000 7.533333 7.666667 7.800000 7.933333 8.066667 8.200000 8.333333 8.466667 8.600000 8.733333 8.866667 9.000000 9.133333 9.266667 9.400000 9.533333 9.666667 9.800000 9.933333 10.066667 10.200000 10.333333 10.466667 10.600000 10.733333 10.866667 11.000000 11.133333 11.266667 11.400000 11.533333 11.666667 11.800000 11.933333 12.066667 12.200000 12.333333 12.466667 12.600000 12.733333 12.866667 13.000000 13.133333 13.266667 13.400000 13.533333 13.666667 13.800000 13.933333 14.066667 14.200000 14.333333 14.466667 14.600000 14.733333 14.866667 15.000000 15.133333 15.266667 
0.620000 0.601915 0.590609 0.587428 0.594153 0.611579 0.641462 0.683514 0.739171 0.806836 0.887443 0.978327 1.079923 1.189120 1.306000 1.427710 1.554159 1.683220 1.814772 1.947508 2.081346 2.215626 2.350308 2.485123 2.620055 2.755018 2.890007 3.025002 3.160001 3.295000 3.430000 3.565000 3.700000 3.835000 3.970000 4.105000 4.240000 4.375000 4.510000 4.645000 4.780000 4.915000 5.050000 5.185000 5.320000 5.455000 5.590000 5.725000 5.860000 5.995000 6.130000 6.265000 6.400000 6.535000 6.670000 6.805000 6.940000 7.075000 7.210000 7.345000 7.480000 7.615000 7.750000 7.885000 8.020000 8.155000 8.290000 8.425000 8.560000 8.695000 8.830000 8.965000 9.100000 9.235000 9.370000 9.505000 9.640000 9.775000 9.910000 10.045000 10.180000 10.315000 10.450000 10.585000 10.720000 10.855000 10.990000 11.125000 11.260000 11.395000 11.530000 11.665000 11.800000 11.935000 12.070000 12.205000 12.340000 12.475000 12.610000 12.745000 12.880000 13.015000 13.150000 13.285000 13.420000 13.555000 13.690000 13.825000 13.960000 14.095000 14.230000 14.365000 14.500000 14.635000 14.770000 14.905000 15.040000 15.175000 15.310000 15.445000 
0.640000 0.622898 0.612143 0.609356 0.615672 0.632864 0.661314 0.702658 0.756109 0.822915 0.901069 0.991319 1.090828 1.199899 1.315518 1.437701 1.563870 1.693926 1.826049 1.960137 2.095126 2.230952 2.367102 2.503545 2.640083 2.776703 2.913345 3.050005 3.186668 3.323334 3.460000 3.596667 3.733333 3.870000 4.006667 4.143333 4.280000 4.416667 4.553333 4.690000 4.826667 4.963333 5.100000 5.236667 5.373333 5.510000 5.646667 5.783333 5.920000 6.056667 6.193333 6.330000 6.466667 6.603333 6.740000 6.876667 7.013333 7.150000 7.286667 7.423333 7.560000 7.696667 7.833333 7.970000 8.106667 8.243333 8.380000 8.516667 8.653333 8.790000 8.926667 9.063333 9.200000 9.336667 9.473333 9.610000 9.746667 9.883333 10.020000 10.156667 10.293333 10.430000 10.566667 10.703333 10.840000 10.976667 11.113333 11.250000 11.386667 11.523333 11.660000 11.796667 11.933333 12.070000 12.206667 12.343333 12.480000 12.616667 12.753333 12.890000 13.026667 13.163333 13.300000 13.436667 13.573333 13.710000 13.846667 13.983333 14.120000 14.256667 14.393333 14.530000 14.666667 14.803333 14.940000 15.076667 15.213333 15.350000 15.486667 15.623333 
0.660000 0.643881 0.633885 0.631284 0.637756 0.654149 0.682186 0.721803 0.774489 0.838994 0.916375 1.004311 1.103379 1.210677 1.326397 1.447692 1.574533 1.704632 1.837886 1.972765 2.109180 2.246277 2.384004 2.521968 2.660145 2.798389 2.936691 3.075008 3.213336 3.351667 3.490000 3.628333 3.766667 3.905000 4.043333 4.181667 4.320000 4.458333 4.596667 4.735000 4.873333 5.011667 5.150000 5.288333 5.426667 5.565000 5.703333 5.841667 5.980000 6.118333 6.256667 6.395000 6.533333 6.671667 6.810000 6.948333 7.086667 7.225000 7.363333 7.501667 7.640000 7.778333 7.916667 8.055000 8.193333 8.331667 8.470000 8.608333 8.746667 8.885000 9.023333 9.161667 9.300000 9.438333 9.576667 9.715000 9.853333 9.991667 10.130000 10.268333 10.406667 10.545000 10.683333 10.821667 10.960000 11.098333 11.236667 11.375000 11.513333 11.651667 11.790000 11.928333 12.066667 12.205000 12.343333 12.481667 12.620000 12.758333 12.896667 13.035000 13.173333 13.311667 13.450000 13.588333 13.726667 13.865000 14.003333 14.141667 14.280000 14.418333 14.556667 14.695000 14.833333 14.971667 15.110000 15.248333 15.386667 15.525000 15.663333 15.801667 
0.680000 0.664943 0.655627 0.653556 0.659839 0.676172 0.703058 0.742128 0.792869 0.856606 0.931681 1.018970 1.115930 1.222992 1.337276 1.458888 1.585195 1.716140 1.849722 1.985844 2.123233 2.261813 2.400906 2.540471 2.680208 2.820099 2.960037 3.100016 3.240005 3.380002 3.520000 3.660000 3.800000 3.940000 4.080000 4.220000 4.360000 4.500000 4.640000 4.780000 4.920000 5.060000 5.200000 5.340000 5.480000 5.620000 5.760000 5.900000 6.040000 6.180000 6.320000 6.460000 6.600000 6.740000 6.880000 7.020000 7.160000 7.300000 7.440000 7.580000 7.720000 7.860000 8.000000 8.140000 8.280000 8.420000 8.560000 8.700000 8.840000 8.980000 9.120000 9.260000 9.400000 9.540000 9.680000 9.820000 9.960000 10.100000 10.240000 10.380000 10.520000 10.660000 10.800000 10.940000 11.080000 11.220000 11.360000 11.500000 11.640000 11.780000 11.920000 12.060000 12.200000 12.340000 12.480000 12.620000 12.760000 12.900000 13.040000 13.180000 13.320000 13.460000 13.600000 13.740000 13.880000 14.020000 14.160000 14.300000 14.440000 14.580000 14.720000 14.860000 15.000000 15.140000 15.280000 15.420000 15.560000 15.700000 15.840000 15.980000 
0.700000 0.686005 0.677549 0.675828 0.682417 0.698196 0.724835 0.762452 0.812563 0.874217 0.948571 1.033629 1.130098 1.235308 1.349566 1.470085 1.596911 1.727649 1.862228 1.998923 2.137646 2.277349 2.417970 2.558974 2.700330 2.841810 2.983401 3.125025 3.266678 3.408337 3.550001 3.691667 3.833333 3.975000 4.116667 4.258333 4.400000 4.541667 4.683333 4.825000 4.966667 5.108333 5.250000 5.391667 5.533333 5.675000 5.816667 5.958333 6.100000 6.241667 6.383333 6.525000 6.666667 6.808333 6.950000 7.091667 7.233333 7.375000 7.516667 7.658333 7.800000 7.941667 8.083333 8.225000 8.366667 8.508333 8.650000 8.791667 8.933333 9.075000 9.216667 9.358333 9.500000 9.641667 9.783333 9.925000 10.066667 10.208333 10.350000 10.491667 10.633333 10.775000 10.916667 11.058333 11.200000 11.341667 11.483333 11.625000 11.766667 11.908333 12.050000 12.191667 12.333333 12.475000 12.616667 12.758333 12.900000 13.041667 13.183333 13.325000 13.466667 13.608333 13.750000 13.891667 14.033333 14.175000 14.316667 14.458333 14.600000 14.741667 14.883333 15.025000 15.166667 15.308333 15.450000 15.591667 15.733333 15.875000 16.016667 16.158333 
